0.001	12	9999	71
0.002	12	6661	100
0.003	12	3006	100
0.004	12	1123	100
0.005	12	397	100
0.006	12	174	100
0.007	12	120	100
0.001	12	9999	0
0.002	12	9999	2
0.005	12	584	100
0.006	12	187	100
0.007	12	118	100
0.003	12	9999	49
0.004	12	2065	100
0.001	12	10000	0
0.002	12	10000	1
0.003	12	10000	55
0.004	12	10000	426
0.005	12	10000	1000
0.006	12	10000	1000
0.005	12	10000	2026
0.006	12	10000	5383
0.007	12	10000	8536
0.005	12	10000	2032
0.006	12	10000	5438
0.001	12	10000	1
0.003	12	1000	29
0.003	12	1000	34
0.003	12	1000	3
0.003	12	1000	5
